a
2.1 0 0
2.1 2.2 1
1.8 2.5 1
0.7 2.5 1
1.3 0.2 0
0.6 0.2 1
0.2 0.6 1
0.2 1.2 1
0.6 1.5 1
2.1 1.5 1
4 0 -1
b
0 0 0
0 3.6 1
0 2 0
1 2.5 1
1.5 2.5 1
2 2 1
2 0.5 1
1.5 0.2 1
0.7 0.2 1
4 0 -1
c
2 0.2 0
0.8 0.2 1
0 1 1
0 1.9 1
0.8 2.5 1
2 2.5 1
4 0 -1
d
2 0 0
2 3.6 1
2 2 0
1 2.5 1
0.5 2.5 1
0 2 1
0 0.5 1
0.5 0.2 1
1.3 0.2 1
4 0 -1
e
2 0.2 0
0.6 0.2 1
0 0.8 1
0 2 1
0.6 2.5 1
1.4 2.5 1
2 2 1
2 1.4 1
0.8 1.4 1
4 0 -1
f
0.5 0 0
0.5 3 1
1 3.6 1
1.8 3.6 1
0 2.5 0
1.2 2.5 1
4 0 -1
g
2 2.5 0
2 0 1
1.4 -0.8 1
0.2 -0.8 1
1 0.4 0
0.6 0.4 1
0 1 1
0 2 1
0.6 2.5 1
1.2 2.5 1
2 2 1
4 0 -1
h
0 0 0
0 3.6 1
0 2 0
1 2.5 1
1.4 2.5 1
2 2 1
2 0 1
4 0 -1
i
0 0 0
1.6 0 1
0.8 0 0
0.8 2.5 1
0 2.5 1
0.4 3.6 0
0.8 3.6 1
4 0 -1
j
0 -0.2 0
0.4 -0.8 1
1.2 -0.8 1
1.6 -0.2 1
1.6 2.5 1
0.6 2.5 1
1.2 3.6 0
1.6 3.6 1
4 0 -1
k
0 0 0
0 3.6 1
0 1.2 0
1.8 2.5 1
0.6 1.6 0
2 0 1
4 0 -1
l
0 0 0
1.6 0 1
0.8 0 0
0.8 3.6 1
0 3.6 1
4 0 -1
m
0 0 0
0 2.5 1
0 2.2 0
0.6 2.5 1
1 2.2 1
1 0 1
1 2.2 0
1.6 2.5 1
2 2.2 1
2 0 1
4 0 -1
n
0 0 0
0 2.5 1
0 2.2 0
1 2.5 1
1.6 2.5 1
2 2.2 1
2 0 1
4 0 -1
o
1.5 0 0
0.5 0 1
0 0.5 1
0 2 1
0.5 2.5 1
1.5 2.5 1
2 2 1
2 0.5 1
4 0 -1
p
0 -0.8 0
0 2.5 1
0 2 0
0.8 2.5 1
1.2 2.5 1
2 2 1
2 0.8 1
1.4 0.2 1
1 0.2 1
4 0 -1
q
2 -0.8 0
2 2.5 1
2 2 0
1.2 2.5 1
0.8 2.5 1
0 2 1
0 0.8 1
0.6 0.2 1
1 0.2 1
4 0 -1
r
0 0 0
0 2.5 1
0 2 0
1 2.5 1
1.6 2.5 1
2 2 1
4 0 -1
s
0 0.4 0
0.4 0 1
1.6 0 1
2 0.4 1
2 1 1
0.2 2 1
0.2 2.2 1
0.4 2.5 1
1.8 2.5 1
2 2.2 1
4 0 -1
t
0 2.5 0
1.6 2.5 1
0.4 3.6 0
0.4 0.5 1
0.8 0 1
1.5 0 1
2 0.5 1
4 0 -1
u
0 2.5 0
0 0.6 1
0.5 0 1
1 0 1
2 0.8 1
2 0 0
2 2.5 1
4 0 -1
v
0 2.5 0
0 2 1
0.8 0 1
1.2 0 1
2 2 1
2 2.5 1
4 0 -1
w
0 2.5 0
0 1 1
0.4 0 1
0.5 0 1
1 1 1
1 1.8 1
1 1 0
1.5 0 1
1.6 0 1
2 1 1
2 2.5 1
4 0 -1
x
0 0 0
2 2.5 1
0 2.5 0
2 0 1
4 0 -1
y
0 2.5 0
0 2 1
0.8 0.5 1
2 2.5 0
2 2 1
0.8 -0.8 1
0 -0.8 1
4 0 -1
z
0 2.5 0
2 2.5 1
2 2.2 1
0 0.4 1
0 0 1
2 0 1
4 0 -1
A
0 0 0
1 3.6 1
2 0 1
0.4 1 0
1 1 1
4 0 -1
B
1.4 0 0
0 0 1
0 3.6 1
1.4 3.6 1
2 3 1
2 2.4 1
1.8 2.3 1
0 1.8 0
1.4 1.8 1
2 1.2 1
2 0.6 1
1.8 0.5 1
4 0 -1
C
2 0 0
1 0 1
0.6 0.6 1
0 1.8 1
0.6 3 1
1 3.6 1
2 3.6 1
4 0 -1
D
0 0 0
1 0 1
2 1.8 1
1 3.6 1
0 3.6 1
0.5 0 0
0.5 1.2 1
0.5 2.4 0
0.5 3.6 1
4 0 -1
E
2 0 0
0 0 1
0 3.6 1
2 3.6 1
0 1.8 0
1 1.8 1
4 0 -1
F
0 0 1
0 3.6 1
2 3.6 1
0 2.4 0
1.5 2.4 1
4 0 -1
G
2 3.6 0
1 3.6 1
0 2.4 1
0 0.6 1
0.6 0 1
1.4 0 1
2 0.6 1
2 1.5 1
1.2 1.5 1
4 0 -1
H
0 0 0
0 3.6 1
2 0 0
2 3.6 1
0 1.8 0
2 1.8 1
4 0 -1
I
0 0 0
2 0 1
0 3.6 0
2 3.6 1
1 0 0
1 3.6 1
4 0 -1
J
0 1.5 0
0 0.6 1
0.6 0 1
1 0 1
1.6 0.6 1
1.6 3.6 1
4 0 -1
K
0 0 0
0 3.6 1
0 1.6 0
2 0 1
0 2 0
2 3.6 1
4 0 -1
L
2 0 0
0 0 1
0 3.6 1
4 0 -1
M
0 0 0
0 3.6 1
0.2 3.6 1
1 2.5 1
1.8 3.6 1
2 3.6 1
2 0 1
4 0 -1
N
0 0 0
0 3.6 1
0.2 3.6 1
1.8 0 1
2 0 1
2 3.6 1
4 0 -1
O
1.4 0.2 0
1.2 0 1
0.8 0 1
0 1.6 1
0 2 1
0.8 3.6 1
1.2 3.6 1
2 2 1
2 1.6 1
1.6 0.7 1
4 0 -1
P
0 0 0
0 3.6 1
1.6 3.6 1
2 3.2 1
2 2 1
1.6 1.6 1
0.8 1.6 1
4 0 -1
Q
0 2 0
0 0.4 1
0.4 0 1
2 1.5 1
2 3.2 1
1.6 3.6 1
0.4 2.6 1
1 1.5 0
1.4 0 1
2 0 1
4 0 -1
R
0 0 0
0 3.6 1
1.6 3.6 1
2 3.2 1
2 2.8 1
1.6 2.4 1
0.7 2.4 1
2 0 1
4 0 -1
S
0 0.4 0
0.4 0 1
1.6 0 1
2 0.4 1
0 3.2 1
0.4 3.6 1
1.6 3.6 1
2 3.2 1
4 0 -1
T
0 3.2 0
0 3.6 1
2 3.6 1
2 3.2 1
1 3.6 0
1 0 1
4 0 -1
U
0 3.6 0
0 0.4 1
0.4 0 1
1.6 0 1
2 0.4 1
2 3.6 1
4 0 -1
V
0 3.6 0
0 2.8 1
1 0 1
2 2.8 1
2 3.6 1
4 0 -1
W
0 3.6 0
0 0.6 1
0.4 0 1
0.6 0 1
1 0.6 1
1 2.4 1
1 0.6 0
1.4 0 1
1.6 0 1
2 0.6 1
2 3.6 1
4 0 -1
X
0 0 0
2 3.6 1
0 3.6 0
2 0 1
4 0 -1
Y
0 3.6 0
0 3.2 1
1 2 1
1 0 1
1 2 0
2 3.2 1
2 3.6 1
4 0 -1
Z
0 3.6 0
2 3.6 1
0 0 1
2 0 1
4 0 -1
0
1 0 0
0.4 0 1
0 0.4 1
0 3.2 1
0.4 3.6 1
1.6 3.6 1
2 3.2 1
2 0.4 1
1.6 0 1
0.8 1.6 0
1.2 2 1
4 0 -1
1
0 0 0
2 0 1
2 1 1
1 0 0
1 3.6 1
0 3.6 1
4 0 -1
2
2 0 0
0 0 1
0 1.6 1
0.2 1.8 1
1.8 1.8 1
2 2 1
2 3.4 1
1.8 3.6 1
0 3.6 1
4 0 -1
3
0 0 0
1.8 0 1
2 0.2 1
2 1.6 1
1.8 1.8 1
0.5 1.8 1
1.8 1.8 0
2 2 1
2 3.4 1
1.8 3.6 1
0 3.6 1
4 0 -1
4
0 3.6 0
0 1.5 1
1.8 1.5 1
1.4 0 0
1.4 3 1
4 0 -1
5
0 0.4 0
0.6 0 1
1.8 0 1
2 0.2 1
2 1.6 1
1.8 1.8 1
0.5 1.8 1
0.5 3.6 1
2 3.6 1
4 0 -1
6
0.4 3.6 0
0 3.6 1
0 0.2 1
0.2 0 1
1.8 0 1
2 0.2 1
2 1.2 1
1.8 1.4 1
0.6 1.4 1
4 0 -1
7
0 3.4 0
0 3.6 1
2 3.6 1
2 2.4 1
1 1.4 1
1 0 1
4 0 -1
8
1.4 0 0
0.2 0 1
0 0.2 1
0 1.6 1
0.2 1.8 1
1.8 1.8 1
2 1.6 1
2 0.2 1
1.8 0 1
0.5 1.8 0
0.5 3.4 1
0.8 3.6 1
1.2 3.6 1
1.5 3.4 1
1.5 2.4 1
4 0 -1
9
1.6 0 0
2 0 1
2 3.4 1
1.8 3.6 1
0.2 3.6 1
0 3.4 1
0 2.4 1
0.2 2.2 1
1.4 2.2 1
4 0 -1
#
0.5 0.8 0
0.5 2 1
0.5 2.4 0
0.5 3.6 1
1.5 0.8 0
1.5 3.6 1
0 1.8 0
2 1.8 1
0 2.8 0
2 2.8 1
4 0 -1
$
1 0 0
1 1 1
1 2.6 0
1 3.6 1
0 1 0
2 1 1
2 1.8 1
0 1.8 1
0 2.6 1
2 2.6 1
4 0 -1
%
0 0.6 0
2 3 1
1.5 0.2 0
2 0.2 1
0 3.4 0
0.5 3.4 1
4 0 -1
(
0.8 0 0
0 1.2 1
0 2.2 1
0.8 3.6 1
4 0 -1
)
1.2 0 0
2 1.2 1
2 2.2 1
1.2 3.6 1
4 0 -1
+
0 1.8 0
2 1.8 1
1 0.8 0
1 2.6 1
4 0 -1
-
0 1.8 0
2 1.8 1
4 0 -1
_
0 -0.8 0
2 -0.8 1
4 0 -1
.
0.5 0.8 0
1 0.8 1
4 0 -1
,
0.5 1 0
1 1 1
1 0 1
4 0 -1
\
0 3.6 0
2 0 1
4 0 -1
/
0 0 0
2 3.6 1
4 0 -1
*
1 0.6 0
1 3 1
0.2 1.2 0
1.8 2.4 1
0.2 2.4 0
1.8 1.2 1
4 0 -1
µ
0 -0.8 0
0 2.5 1
0 0.5 0
0.4 0 1
1 0 1
2 0.8 1
2 0.2 0
2 2.5 1
4 0 -1
|
1 0 0
1 3.6 1
4 0 -1
@
0 3.2 0
0.4 3.6 1
1.6 3.6 1
2 3.2 1
2 0.4 1
1.6 0 1
1.4 0 1
1 0.4 1
1 1.2 1
1 0.4 0
0.6 0 1
0.4 0 1
0 0.4 1
0 1.6 1
0.4 2 1
1 2 1
4 0 -1
=
0 1.3 0
2 1.3 1
0 2.3 0
2 2.3 1
4 0 -1
:
0.6 1 0
1.4 1 1
0.6 2.6 0
1.4 2.6 1
4 0 -1
;
0.5 1 0
1 1 1
1 0 1
0.5 2.4 0
1 2.4 1
4 0 -1
&
1.6 2.4 0
1.6 2.8 1
1.2 3.2 1
0.4 3.2 1
0 2.8 1
0 2.4 1
2 0 1
2 1 0
1 0 1
0.4 0 1
0 0.4 1
0 1.2 1
4 0 -1
~
0 1.6 0
0.6 2 1
1.4 1.6 1
2 2 1
4 0 -1
